2, 55.390642, 180.9, 199.5, 211.8, 260.5
3, 104.0, 124.3, 171.5, 332.3
4, 44.2, 83.5, 94.0, 138.5
5, 21.6, 82.0, 96.8, 154.0, 206.0, 235.0, 274.0, 298.5
6, 2.5, 24.5, 41.0, 71.5, 98.5, 120.2, 133.0, 140.5, 175.5, 236.0, 280.6
7, 0.96, 3.8, 6.58, 9.38, 13.21, 16.4, 22.468962, 29.180127, 31.680127, 35.8, 38.920127, 42.901528
8, 31.79
10,17.0, 58.5, 145.5, 159.0, 255.5, 280.5, 303.5, 324.2
11,11.7, 43.552646, 62.3, 80.8, 100.7, 107.0, 157.7, 172.0, 246.049725, 278.3, 301.0
12,59.165582, 94.070476, 158.0, 172.070355, 190.0, 246.0
13,50.2, 180.0, 209.4, 300.6
14,84.095702, 105.221841, 114.513166, 140.730371, 154.695314
15,6.80
16,24.034382, 59.843011, 71.387119, 81.280954, 115.946159, 140.597116, 165.7, 188.989031, 197.0, 230.7, 289.44245, 304.0
17,25.90, 51.25, 74.42, 138.83, 157.33, 175.0
18,51.16, 65.35, 123.48, 136.12, 168.92, 198.39, 244.3, 342.5, 375.27
